35
37 -2 -1 31
-86 -27 -38 56
-87 -84 -96 -34
60 73 -84 85
-87 -84 -88 -60
80 -100 -87 -84
40 -74 -16 -9
-86 -27 -16 -9
-86 -27 -96 -34
-16 -9 -73 -75
90 96 -84 85
-86 -27 -84 85
-84 85 -96 -34
40 -74 -87 -84
40 -74 -73 -75
40 -74 35 -38
-16 -9 -38 56
-88 -60 -73 -75
60 73 94 77
-16 -9 -20 43
85 63 37 -2
58 -59 35 -38
40 -74 58 -59
-86 -27 -73 -75
-16 -9 37 -2
37 -2 35 -38
-88 -60 -96 -34
47 -20 58 -59
-86 -27 -88 -60
47 -20 37 -2
47 -20 85 63
-16 -9 -1 31
40 -74 80 -100
85 63 58 -59
-20 43 -38 56
-17 5
