SEG -62 11 -45 -9
SEG 13 83 26 62
SEG -12 54 49 21
SEG 52 -23 59 3
SEG 49 21 70 27
SEG -21 95 -17 89
SEG 21 90 61 49
SEG -4 -95 50 -82
SEG -45 -9 49 21
SEG -45 -9 52 -23
SEG 52 -23 63 -72
SEG -64 -61 -62 11
SEG -86 53 -62 11
SEG -17 89 -12 54
SEG 49 21 52 -23
SEG 50 -82 52 -23
SEG -49 3 -45 -9
SEG -12 54 13 83
SEG -62 11 -49 3
SEG 63 -72 70 27
SEG -86 53 -55 85
SEG 26 62 49 21
SEG -21 95 21 90
SEG 49 21 59 3
SEG -45 -9 -4 -95
SEG -62 11 -12 54
SEG -86 53 -64 -61
SEG 49 21 61 49
SEG -49 3 -12 54
SEG 26 62 61 49
SEG 59 3 70 27
SEG -17 89 13 83
Left -45
Right -21
Above -45 -9 49 21
Below -45 -9 52 -23
QUERY -29 -7
